 4344.81510648
 4344.81510648
 174362.645283
 174362.645283
 481870.025834
 481870.025834
 749161.648315
 749161.648315
 1047498.06878
 1047498.06878
 1444352.47333
 1444352.47333
 1905325.08551
 1905325.08551
 2336959.0894
 2336959.0894
 2661766.38677
 2661766.38677
  2850908.93153
  2850908.93153
  2908364.11022
  2908364.11022
  2846980.36258
  2846980.36258
  2679304.35539
  2679304.35539
  2419809.07762
  2419809.07762
  2088735.75767
  2088735.75767
  1712678.07168
  1712678.07168
  1322137.26808
  1322137.26808
  947958.720674
  947958.720674
  617914.361165
  617914.361165
  353673.852949
  353673.852949
  167896.582305
  167896.582305
  60986.1990209
  60986.1990209
  16976.3708213
  16976.3708213
  15076.2208316
  15076.2208316
  69572.9748998
  69572.9748998
  217370.926158
  217370.926158
  482891.577733
  482891.577733
  861625.375897
  861625.375897
  1324306.51091
  1324306.51091
  1826910.76397
  1826910.76397
  2320980.3422
  2320980.3422
  2761741.31414
  2761741.31414
  3112923.71645
  3112923.71645
  3348860.46481
  3348860.46481
  3455093.3963
  3455093.3963
  3428267.31581
  3428267.31581
  3275448.01206
  3275448.01206
  3012782.39385
  3012782.39385
  2663568.39181
  2663568.39181
  2255977.67163
  2255977.67163
  1820684.29658
  1820684.29658
  1388534.72272
  1388534.72272
  988269.643398
  988269.643398
  644245.928901
  644245.928901
  374088.784825
  374088.784825
  186145.723239
  186145.723239
  76422.4890909
  76422.4890909
  29337.1828576
  29337.1828576
  33135.7202083
  33135.7202083
  95595.8957655
  95595.8957655
