$MeshFormat
2.2 0 8
$EndMeshFormat
$Nodes
69
1 0 0 0
2 640 0 0
3 58.18181818177023 0 0
4 116.3636363634669 0 0
5 174.5454545451151 0 0
6 232.7272727267632 0 0
7 290.9090909085598 0 0
8 349.0909090904663 0 0
9 407.2727272723727 0 0
10 465.4545454542791 0 0
11 523.6363636361859 0 0
12 581.818181818093 0 0
13 640 320 0
14 640 53.33333333326279 0
15 640 106.6666666664403 0
16 640 159.9999999997565 0
17 640 213.3333333331707 0
18 640 266.6666666665852 0
19 0 320 0
20 581.8181818181819 320 0
21 523.6363636363637 320 0
22 465.4545454545455 320 0
23 407.2727272727273 320 0
24 349.0909090909093 320 0
25 290.9090909090913 320 0
26 232.7272727272734 320 0
27 174.5454545454555 320 0
28 116.3636363636372 320 0
29 58.18181818181858 320 0
30 0 266.6666666666667 0
31 0 213.3333333333333 0
32 0 160.0000000000002 0
33 0 106.666666666667 0
34 0 53.33333333333371 0
35 290 140 0
36 350 140 0
37 290 180 0
38 350 180 0
39 300 140 0
40 310 140 0
41 320 140 0
42 330 140 0
43 340 140 0
44 300 180 0
45 310 180 0
46 320 180 0
47 330 180 0
48 340 180 0
49 290 150 0
50 290 160 0
51 290 170 0
52 350 150 0
53 350 160 0
54 350 170 0
55 300 150 0
56 300 160 0
57 300 170 0
58 310 150 0
59 310 160 0
60 310 170 0
61 320 150 0
62 320 160 0
63 320 170 0
64 330 150 0
65 330 160 0
66 330 170 0
67 340 150 0
68 340 160 0
69 340 170 0
$EndNodes
$Elements
82
1 1 2 3 6 1 3
2 1 2 3 6 3 4
3 1 2 3 6 4 5
4 1 2 3 6 5 6
5 1 2 3 6 6 7
6 1 2 3 6 7 8
7 1 2 3 6 8 9
8 1 2 3 6 9 10
9 1 2 3 6 10 11
10 1 2 3 6 11 12
11 1 2 3 6 12 2
12 1 2 2 7 2 14
13 1 2 2 7 14 15
14 1 2 2 7 15 16
15 1 2 2 7 16 17
16 1 2 2 7 17 18
17 1 2 2 7 18 13
18 1 2 3 8 13 20
19 1 2 3 8 20 21
20 1 2 3 8 21 22
21 1 2 3 8 22 23
22 1 2 3 8 23 24
23 1 2 3 8 24 25
24 1 2 3 8 25 26
25 1 2 3 8 26 27
26 1 2 3 8 27 28
27 1 2 3 8 28 29
28 1 2 3 8 29 19
29 1 2 1 9 19 30
30 1 2 1 9 30 31
31 1 2 1 9 31 32
32 1 2 1 9 32 33
33 1 2 1 9 33 34
34 1 2 1 9 34 1
35 2 2 1 5 35 39 55
36 2 2 1 5 35 55 49
37 2 2 1 5 49 55 56
38 2 2 1 5 49 56 50
39 2 2 1 5 50 56 57
40 2 2 1 5 50 57 51
41 2 2 1 5 51 57 44
42 2 2 1 5 51 44 37
43 2 2 1 5 39 40 58
44 2 2 1 5 39 58 55
45 2 2 1 5 55 58 59
46 2 2 1 5 55 59 56
47 2 2 1 5 56 59 60
48 2 2 1 5 56 60 57
49 2 2 1 5 57 60 45
50 2 2 1 5 57 45 44
51 2 2 1 5 40 41 61
52 2 2 1 5 40 61 58
53 2 2 1 5 58 61 62
54 2 2 1 5 58 62 59
55 2 2 1 5 59 62 63
56 2 2 1 5 59 63 60
57 2 2 1 5 60 63 46
58 2 2 1 5 60 46 45
59 2 2 1 5 41 42 64
60 2 2 1 5 41 64 61
61 2 2 1 5 61 64 65
62 2 2 1 5 61 65 62
63 2 2 1 5 62 65 66
64 2 2 1 5 62 66 63
65 2 2 1 5 63 66 47
66 2 2 1 5 63 47 46
67 2 2 1 5 42 43 67
68 2 2 1 5 42 67 64
69 2 2 1 5 64 67 68
70 2 2 1 5 64 68 65
71 2 2 1 5 65 68 69
72 2 2 1 5 65 69 66
73 2 2 1 5 66 69 48
74 2 2 1 5 66 48 47
75 2 2 1 5 43 36 52
76 2 2 1 5 43 52 67
77 2 2 1 5 67 52 53
78 2 2 1 5 67 53 68
79 2 2 1 5 68 53 54
80 2 2 1 5 68 54 69
81 2 2 1 5 69 54 38
82 2 2 1 5 69 38 48
$EndElements
